-1000
-996
-996
-994
-992
-992
-990
-990
-990
-990
-988
-988
-982
-980
-980
-978
-976
-976
-976
-976
-974
-968
-968
-968
-966
-962
-962
-960
-960
-958
-956
-956
-954
-934
-930
-930
-928
-928
-926
-926
-926
-924
-924
-922
-920
-920
-916
-910
-910
-908
-908
-904
-902
-902
-900
-900
-896
-890
-888
-884
-882
-882
-880
-880
-878
-874
-872
-872
-868
-868
-862
-860
-858
-856
-856
-854
-852
-852
-850
-850
-846
-844
-842
-842
-838
-836
-836
-834
-834
-834
-830
-828
-828
-826
-824
-824
-824
-822
-818
-812
-812
-810
-810
-808
-808
-800
-798
-798
-792
-790
-788
-788
-788
-784
-784
-774
-774
-772
-772
-770
-768
-768
-768
-766
-766
-766
-764
-764
-762
-760
-760
-758
-758
-756
-754
-750
-746
-746
-744
-742
-738
-736
-732
-730
-724
-724
-722
-720
-720
-718
-718
-716
-716
-710
-708
-706
-704
-704
-702
-700
-700
-698
-696
-694
-692
-692
-688
-688
-686
-686
-684
-682
-680
-674
-672
-666
-666
-666
-666
-664
-664
-660
-660
-654
-654
-652
-650
-650
-642
-640
-636
-634
-632
-632
-630
-626
-618
-616
-616
-614
-614
-614
-614
-612
-608
-606
-606
-604
-602
-600
-600
-588
-586
-584
-580
-576
-576
-576
-574
-574
-572
-570
-566
-566
-560
-556
-554
-548
-542
-540
-536
-532
-532
-530
-526
-526
-524
-520
-520
-518
-518
-516
-516
-516
-514
-512
-512
-510
-510
-510
-502
-498
-496
-496
-494
-492
-490
-490
-490
-482
-480
-478
-478
-476
-472
-470
-466
-462
-462
-456
-454
-452
-450
-442
-440
-440
-440
-440
-436
-432
-430
-430
-428
-426
-426
-424
-422
-422
-420
-420
-418
-418
-418
-418
-416
-416
-412
-410
-406
-404
-404
-402
-400
-398
-396
-394
-392
-388
-386
-386
-386
-384
-380
-378
-378
-376
-374
-370
-370
-368
-368
-362
-360
-360
-358
-358
-356
-352
-344
-344
-340
-340
-340
-340
-338
-338
-334
-332
-330
-328
-328
-324
-322
-318
-318
-316
-312
-308
-304
-302
-302
-302
-300
-300
-294
-292
-292
-288
-286
-284
-284
-278
-276
-274
-274
-272
-270
-268
-268
-266
-264
-262
-256
-256
-248
-244
-244
-240
-238
-232
-232
-230
-228
-226
-224
-222
-222
-218
-214
-212
-210
-208
-200
-198
-196
-194
-194
-194
-192
-192
-188
-186
-184
-182
-180
-178
-176
-174
-174
-174
-172
-172
-170
-168
-166
-164
-164
-162
-148
-146
-144
-140
-138
-136
-128
-126
-124
-124
-122
-118
-116
-112
-110
-106
-104
-104
-100
-98
-98
-96
-96
-96
-94
-92
-90
-90
-90
-90
-88
-86
-84
-80
-80
-74
-74
-72
-72
-68
-60
-58
-56
-56
-50
-46
-46
-46
-46
-40
-40
-40
-38
-34
-26
-26
-20
-12
-12
-4
2
8
16
18
18
20
24
24
24
24
26
32
32
34
36
42
42
44
44
46
50
54
56
58
58
60
62
62
64
70
72
72
72
74
76
78
78
78
78
82
86
88
90
92
92
92
94
100
100
102
102
104
104
106
106
106
110
114
116
120
122
122
122
124
128
132
132
136
136
140
144
146
146
148
154
156
160
162
164
164
164
168
168
170
174
176
178
178
188
192
198
200
200
200
204
206
206
210
212
222
222
228
232
234
236
238
238
240
240
256
256
256
256
256
258
258
258
258
260
260
260
262
262
264
270
272
274
276
278
290
290
294
294
296
298
306
308
308
308
314
314
322
326
328
332
334
336
344
346
348
352
354
354
356
376
378
380
384
384
386
392
394
394
396
402
404
404
406
408
408
410
412
416
416
416
418
422
428
432
434
434
436
436
436
436
438
438
438
438
440
440
440
444
446
448
452
452
454
460
460
462
462
470
470
472
474
474
474
476
476
478
478
482
482
484
484
488
490
492
494
496
498
504
510
510
512
512
514
514
516
518
520
522
524
524
524
526
528
530
530
530
532
532
532
532
536
538
544
546
548
548
548
548
550
550
552
552
556
558
560
562
564
568
572
572
572
572
572
572
574
574
580
580
580
582
588
590
590
590
594
596
598
598
598
602
610
612
616
616
618
618
620
620
624
626
628
628
628
636
640
640
642
644
652
658
658
658
660
660
660
662
664
666
670
674
674
674
678
678
678
682
686
686
686
688
688
688
690
694
704
708
708
712
712
712
714
716
718
720
720
722
722
728
728
732
734
734
734
736
738
740
746
746
750
754
760
762
764
764
770
772
774
774
778
780
786
786
788
790
790
792
792
792
794
794
796
800
802
802
806
808
808
814
814
820
820
824
826
826
828
828
830
832
832
832
834
834
834
834
834
836
840
840
844
844
844
852
856
860
860
862
864
864
864
866
870
870
874
874
874
878
884
888
894
894
896
896
898
900
900
908
908
910
912
916
916
920
922
926
930
934
940
948
950
950
952
952
954
954
956
960
960
964
972
972
972
972
982
984
988
988
990
996
998
