2
3
11
11
11
11
13
17
23
23
29
29
43
59
61
67
71
79
97
101
101
101
103
131
131
151
157
157
163
173
173
191
191
191
191
193
199
199
227
227
227
229
229
229
233
239
241
263
269
271
283
307
311
331
331
337
349
367
367
373
373
379
397
409
431
431
431
457
457
461
463
479
479
491
499
509
509
541
541
547
563
563
571
571
571
577
577
587
587
599
599
607
613
631
641
643
647
661
661
677
677
683
683
691
719
733
733
743
743
751
751
757
761
773
797
809
809
823
823
827
829
839
853
859
863
877
877
881
887
929
937
937
937
947
953
953
967
971
983
997
997
