-999
-997
-995
-989
-987
-985
-981
-981
-979
-979
-973
-971
-967
-965
-965
-965
-963
-959
-955
-953
-953
-949
-947
-947
-945
-945
-939
-935
-935
-933
-933
-927
-925
-923
-915
-913
-911
-911
-907
-905
-903
-903
-899
-899
-899
-897
-891
-887
-881
-881
-881
-881
-879
-879
-873
-871
-869
-865
-865
-861
-859
-857
-855
-853
-851
-847
-845
-845
-843
-843
-839
-837
-835
-833
-831
-827
-827
-825
-825
-823
-823
-821
-819
-817
-813
-811
-805
-803
-803
-799
-795
-791
-779
-775
-771
-769
-767
-765
-765
-759
-757
-755
-755
-751
-751
-749
-749
-749
-747
-747
-745
-743
-741
-739
-735
-731
-727
-725
-721
-721
-721
-719
-717
-717
-715
-713
-711
-711
-709
-705
-703
-701
-699
-697
-697
-691
-689
-689
-685
-683
-683
-683
-679
-679
-677
-675
-675
-673
-671
-671
-665
-665
-663
-661
-653
-649
-649
-645
-643
-643
-639
-633
-633
-629
-623
-621
-619
-617
-615
-613
-611
-611
-609
-603
-603
-601
-601
-597
-597
-595
-595
-589
-585
-585
-583
-581
-581
-579
-575
-573
-573
-571
-567
-567
-567
-565
-565
-557
-557
-555
-553
-551
-551
-549
-545
-543
-543
-541
-541
-533
-533
-533
-529
-529
-523
-523
-521
-521
-521
-517
-517
-517
-515
-513
-511
-509
-507
-505
-503
-503
-501
-497
-497
-489
-489
-489
-487
-487
-487
-487
-483
-483
-483
-473
-469
-463
-461
-459
-453
-453
-451
-449
-449
-445
-439
-435
-435
-431
-427
-427
-423
-423
-419
-417
-407
-407
-407
-407
-407
-403
-403
-397
-395
-393
-393
-393
-393
-391
-391
-389
-379
-379
-377
-375
-367
-365
-357
-355
-353
-353
-353
-353
-351
-349
-343
-339
-339
-333
-333
-331
-331
-327
-327
-323
-323
-323
-323
-321
-321
-321
-321
-319
-317
-313
-313
-313
-307
-305
-305
-299
-297
-293
-291
-291
-287
-281
-277
-275
-275
-275
-275
-273
-269
-269
-267
-265
-265
-263
-257
-253
-253
-251
-247
-247
-243
-243
-241
-239
-235
-235
-235
-231
-231
-223
-219
-215
-211
-209
-209
-209
-209
-205
-205
-203
-203
-203
-201
-201
-201
-197
-195
-193
-193
-191
-191
-189
-189
-187
-179
-177
-175
-175
-171
-171
-169
-167
-165
-163
-163
-161
-161
-159
-157
-157
-155
-153
-149
-149
-149
-147
-145
-143
-143
-135
-135
-135
-131
-131
-129
-129
-129
-129
-127
-127
-125
-125
-123
-123
-123
-121
-119
-113
-113
-113
-109
-105
-103
-103
-101
-97
-97
-95
-93
-93
-85
-83
-81
-79
-77
-77
-65
-65
-63
-59
-59
-55
-53
-51
-49
-47
-45
-43
-39
-39
-37
-31
-29
-27
-25
-25
-23
-19
-17
-15
-11
-11
-3
-3
-1
-1
1
3
9
11
11
11
11
13
15
17
21
23
23
25
25
25
29
29
33
33
39
43
45
59
61
63
63
67
69
69
71
79
81
85
85
91
91
93
93
95
97
99
101
101
101
103
105
105
119
119
123
125
129
131
131
133
135
143
143
145
147
151
153
153
155
157
157
163
169
171
173
173
183
187
187
189
189
191
191
191
191
193
195
195
195
199
199
201
207
209
213
215
219
221
221
225
225
227
227
227
229
229
229
231
231
233
239
241
247
247
259
261
263
267
269
271
275
275
275
275
275
283
291
295
299
301
303
305
305
307
309
311
315
325
331
331
333
333
337
339
339
341
343
349
355
355
357
357
361
363
363
363
365
367
367
369
371
371
373
373
377
379
381
381
385
385
391
393
395
397
399
407
409
411
413
415
423
425
425
431
431
431
435
441
445
447
447
447
447
447
455
455
457
457
461
463
465
469
469
471
471
475
475
477
479
479
481
481
483
489
489
489
491
493
495
495
499
507
509
509
513
517
527
531
531
535
535
535
537
541
541
545
545
547
549
555
559
561
563
563
565
565
567
567
571
571
571
577
577
579
579
581
587
587
589
591
591
595
599
599
603
603
607
611
613
621
621
621
621
623
623
625
629
631
633
637
637
639
641
643
645
647
649
649
651
655
657
657
661
661
663
665
669
675
677
677
679
679
681
683
683
685
685
685
685
691
693
703
705
705
707
707
711
711
713
713
717
719
721
723
729
731
733
733
735
735
735
737
741
741
743
743
749
751
751
755
755
757
759
759
759
761
763
765
767
771
771
771
773
777
779
783
785
789
793
795
797
799
799
805
807
809
809
813
815
815
819
819
823
823
825
827
829
831
831
833
833
835
839
841
841
841
845
847
849
853
855
855
859
861
863
867
871
871
873
873
873
877
877
881
885
887
889
895
897
899
899
901
901
905
905
915
917
917
917
921
923
923
925
925
927
929
931
937
937
937
939
943
943
945
945
947
949
949
949
951
953
953
955
959
961
961
963
965
967
969
971
979
981
983
987
993
997
997
999
999
